timestamp,county,florida_resident,florida_resident_outside,non_florida_resident,total
2020-03-16 18:15:00 EDT,Broward,39,0,8,47
2020-03-16 18:15:00 EDT,Dade,23,1,1,25
2020-03-16 18:15:00 EDT,Palm Beach,8,1,0,9
2020-03-16 18:15:00 EDT,Collier,6,0,1,7
2020-03-16 18:15:00 EDT,Volusia,7,0,0,7
2020-03-16 18:15:00 EDT,Hillsborough,5,0,1,6
2020-03-16 18:15:00 EDT,Lee,4,0,2,6
2020-03-16 18:15:00 EDT,Duval,5,0,0,5
2020-03-16 18:15:00 EDT,Manatee,5,0,0,5
2020-03-16 18:15:00 EDT,Osceola,4,0,1,5
2020-03-16 18:15:00 EDT,Alachua,2,0,2,4
2020-03-16 18:15:00 EDT,Orange,3,1,0,4
2020-03-16 18:15:00 EDT,Pinellas,4,0,0,4
2020-03-16 18:15:00 EDT,Sarasota,3,0,1,4
2020-03-16 18:15:00 EDT,Seminole,4,0,0,4
2020-03-16 18:15:00 EDT,Clay,3,0,0,3
2020-03-16 18:15:00 EDT,St. Johns,2,0,1,3
2020-03-16 18:15:00 EDT,Okaloosa,1,1,0,2
2020-03-16 18:15:00 EDT,Pasco,2,0,0,2
2020-03-16 18:15:00 EDT,Charlotte,1,0,0,1
2020-03-16 18:15:00 EDT,Citrus,1,0,0,1
2020-03-16 18:15:00 EDT,Escambia,1,0,0,1
2020-03-16 18:15:00 EDT,Gadsden,0,1,0,1
2020-03-16 18:15:00 EDT,Lake,1,0,0,1
2020-03-16 18:15:00 EDT,Leon,0,1,0,1
2020-03-16 18:15:00 EDT,Nassau,1,0,0,1
2020-03-16 18:15:00 EDT,Santa Rosa,1,0,0,1
2020-03-17 09:59:00 EDT,Broward,43,0,8,51
2020-03-17 09:59:00 EDT,Dade,32,1,2,35
2020-03-17 09:59:00 EDT,Palm Beach,9,1,0,10
2020-03-17 09:59:00 EDT,Volusia,9,0,0,9
2020-03-17 09:59:00 EDT,Hillsborough,7,0,1,8
2020-03-17 09:59:00 EDT,Collier,6,0,1,7
2020-03-17 09:59:00 EDT,Lee,5,0,2,7
2020-03-17 09:59:00 EDT,Osceola,6,0,1,7
2020-03-17 09:59:00 EDT,Alachua,4,0,2,6
2020-03-17 09:59:00 EDT,Duval,6,0,0,6
2020-03-17 09:59:00 EDT,Manatee,6,0,0,6
2020-03-17 09:59:00 EDT,Orange,5,1,0,6
2020-03-17 09:59:00 EDT,Clay,4,0,0,4
2020-03-17 09:59:00 EDT,Pinellas,4,0,0,4
2020-03-17 09:59:00 EDT,Sarasota,3,0,1,4
2020-03-17 09:59:00 EDT,Seminole,4,0,0,4
2020-03-17 09:59:00 EDT,Okaloosa,2,1,0,3
2020-03-17 09:59:00 EDT,St. Johns,2,0,1,3
2020-03-17 09:59:00 EDT,Citrus,2,0,0,2
2020-03-17 09:59:00 EDT,Pasco,2,0,0,2
2020-03-17 09:59:00 EDT,Brevard,1,0,0,1
2020-03-17 09:59:00 EDT,Charlotte,1,0,0,1
2020-03-17 09:59:00 EDT,Escambia,1,0,0,1
2020-03-17 09:59:00 EDT,Gadsden,0,1,0,1
2020-03-17 09:59:00 EDT,Lake,1,0,0,1
2020-03-17 09:59:00 EDT,Leon,0,1,0,1
2020-03-17 09:59:00 EDT,Nassau,1,0,0,1
2020-03-17 09:59:00 EDT,Santa Rosa,1,0,0,1
2020-03-18 09:55:00 EDT,Broward,73,0,7,80
2020-03-18 09:55:00 EDT,Dade,72,1,3,76
2020-03-18 09:55:00 EDT,Palm Beach,18,1,0,19
2020-03-18 09:55:00 EDT,Collier,12,0,1,13
2020-03-18 09:55:00 EDT,Duval,12,0,1,13
2020-03-18 09:55:00 EDT,Hillsborough,11,0,2,13
2020-03-18 09:55:00 EDT,Lee,8,0,2,10
2020-03-18 09:55:00 EDT,Pinellas,10,0,0,10
2020-03-18 09:55:00 EDT,Orange,7,1,1,9
2020-03-18 09:55:00 EDT,Volusia,9,0,0,9
2020-03-18 09:55:00 EDT,Manatee,8,0,0,8
2020-03-18 09:55:00 EDT,Osceola,6,0,2,8
2020-03-18 09:55:00 EDT,Alachua,4,0,3,7
2020-03-18 09:55:00 EDT,Seminole,7,0,0,7
2020-03-18 09:55:00 EDT,Clay,4,0,0,4
2020-03-18 09:55:00 EDT,Sarasota,2,0,2,4
2020-03-18 09:55:00 EDT,St. Johns,3,0,1,4
2020-03-18 09:55:00 EDT,Citrus,3,0,0,3
2020-03-18 09:55:00 EDT,Okaloosa,2,1,0,3
2020-03-18 09:55:00 EDT,Pasco,3,0,0,3
2020-03-18 09:55:00 EDT,Lake,2,0,0,2
2020-03-18 09:55:00 EDT,Brevard,1,0,0,1
2020-03-18 09:55:00 EDT,Charlotte,1,0,0,1
2020-03-18 09:55:00 EDT,Escambia,1,0,0,1
2020-03-18 09:55:00 EDT,Gadsden,0,1,0,1
2020-03-18 09:55:00 EDT,Leon,0,1,0,1
2020-03-18 09:55:00 EDT,Nassau,1,0,0,1
2020-03-18 09:55:00 EDT,Polk,1,0,0,1
2020-03-18 09:55:00 EDT,Santa Rosa,1,0,0,1
2020-03-18 09:55:00 EDT,Sumter,1,0,0,1
2020-03-18 17:08:00 EDT,Broward,73,0,7,80
2020-03-18 17:08:00 EDT,Dade,72,1,4,77
2020-03-18 17:08:00 EDT,Palm Beach,19,1,1,21
2020-03-18 17:08:00 EDT,Duval,13,0,1,14
2020-03-18 17:08:00 EDT,Hillsborough,12,0,2,14
2020-03-18 17:08:00 EDT,Collier,11,0,2,13
2020-03-18 17:08:00 EDT,Pinellas,12,0,0,12
2020-03-18 17:08:00 EDT,Lee,9,0,2,11
2020-03-18 17:08:00 EDT,Orange,9,1,1,11
2020-03-18 17:08:00 EDT,Volusia,9,0,0,9
2020-03-18 17:08:00 EDT,Manatee,8,0,0,8
2020-03-18 17:08:00 EDT,Osceola,6,0,2,8
2020-03-18 17:08:00 EDT,Alachua,4,0,3,7
2020-03-18 17:08:00 EDT,Seminole,7,0,0,7
2020-03-18 17:08:00 EDT,Clay,4,0,0,4
2020-03-18 17:08:00 EDT,Okaloosa,3,1,0,4
2020-03-18 17:08:00 EDT,Sarasota,2,0,2,4
2020-03-18 17:08:00 EDT,St. Johns,3,0,1,4
2020-03-18 17:08:00 EDT,Citrus,3,0,0,3
2020-03-18 17:08:00 EDT,Pasco,3,0,0,3
2020-03-18 17:08:00 EDT,Brevard,2,0,0,2
2020-03-18 17:08:00 EDT,Lake,2,0,0,2
2020-03-18 17:08:00 EDT,Polk,2,0,0,2
2020-03-18 17:08:00 EDT,Charlotte,1,0,0,1
2020-03-18 17:08:00 EDT,Escambia,1,0,0,1
2020-03-18 17:08:00 EDT,Gadsden,0,1,0,1
2020-03-18 17:08:00 EDT,Leon,0,1,0,1
2020-03-18 17:08:00 EDT,Nassau,1,0,0,1
2020-03-18 17:08:00 EDT,Santa Rosa,1,0,0,1
2020-03-18 17:08:00 EDT,Sumter,1,0,0,1
2020-03-18 17:08:00 EDT,Walton,0,0,1,1
2020-03-19 09:54:00 EDT,Broward,89,0,7,96
2020-03-19 09:54:00 EDT,Dade,81,1,4,86
2020-03-19 09:54:00 EDT,Palm Beach,27,1,1,29
2020-03-19 09:54:00 EDT,Hillsborough,17,0,2,19
2020-03-19 09:54:00 EDT,Collier,16,0,2,18
2020-03-19 09:54:00 EDT,Duval,14,0,1,15
2020-03-19 09:54:00 EDT,Orange,13,1,1,15
2020-03-19 09:54:00 EDT,Pinellas,14,0,0,14
2020-03-19 09:54:00 EDT,Lee,9,0,2,11
2020-03-19 09:54:00 EDT,Alachua,7,0,3,10
2020-03-19 09:54:00 EDT,Manatee,9,0,0,9
2020-03-19 09:54:00 EDT,Osceola,7,0,2,9
2020-03-19 09:54:00 EDT,Volusia,9,0,0,9
2020-03-19 09:54:00 EDT,Seminole,8,0,0,8
2020-03-19 09:54:00 EDT,Sarasota,3,0,2,5
2020-03-19 09:54:00 EDT,Clay,4,0,0,4
2020-03-19 09:54:00 EDT,Leon,2,1,1,4
2020-03-19 09:54:00 EDT,Okaloosa,3,1,0,4
2020-03-19 09:54:00 EDT,Pasco,4,0,0,4
2020-03-19 09:54:00 EDT,St. Johns,3,0,1,4
2020-03-19 09:54:00 EDT,Citrus,3,0,0,3
2020-03-19 09:54:00 EDT,Brevard,2,0,0,2
2020-03-19 09:54:00 EDT,Lake,2,0,0,2
2020-03-19 09:54:00 EDT,Polk,2,0,0,2
2020-03-19 09:54:00 EDT,Santa Rosa,2,0,0,2
2020-03-19 09:54:00 EDT,Charlotte,1,0,0,1
2020-03-19 09:54:00 EDT,Escambia,1,0,0,1
2020-03-19 09:54:00 EDT,Gadsden,0,1,0,1
2020-03-19 09:54:00 EDT,Nassau,1,0,0,1
2020-03-19 09:54:00 EDT,Sumter,1,0,0,1
2020-03-19 09:54:00 EDT,Walton,0,0,1,1
2020-03-19 16:53:00 EDT,Dade,92,1,8,101
2020-03-19 16:53:00 EDT,Broward,89,0,7,96
2020-03-19 16:53:00 EDT,Palm Beach,25,1,3,29
2020-03-19 16:53:00 EDT,Hillsborough,18,0,2,20
2020-03-19 16:53:00 EDT,Orange,15,1,3,19
2020-03-19 16:53:00 EDT,Collier,16,0,2,18
2020-03-19 16:53:00 EDT,Pinellas,16,0,0,16
2020-03-19 16:53:00 EDT,Duval,14,0,1,15
2020-03-19 16:53:00 EDT,Osceola,11,0,2,13
2020-03-19 16:53:00 EDT,Alachua,8,0,3,11
2020-03-19 16:53:00 EDT,Lee,9,0,2,11
2020-03-19 16:53:00 EDT,Manatee,9,0,0,9
2020-03-19 16:53:00 EDT,Volusia,9,0,0,9
2020-03-19 16:53:00 EDT,Seminole,8,0,0,8
2020-03-19 16:53:00 EDT,Sarasota,3,0,3,6
2020-03-19 16:53:00 EDT,Okaloosa,4,1,0,5
2020-03-19 16:53:00 EDT,Pasco,5,0,0,5
2020-03-19 16:53:00 EDT,Clay,4,0,0,4
2020-03-19 16:53:00 EDT,Hernando,4,0,0,4
2020-03-19 16:53:00 EDT,Leon,2,1,1,4
2020-03-19 16:53:00 EDT,Polk,4,0,0,4
2020-03-19 16:53:00 EDT,St. Johns,3,0,1,4
2020-03-19 16:53:00 EDT,Brevard,3,0,0,3
2020-03-19 16:53:00 EDT,Citrus,3,0,0,3
2020-03-19 16:53:00 EDT,Lake,3,0,0,3
2020-03-19 16:53:00 EDT,Santa Rosa,2,0,0,2
2020-03-19 16:53:00 EDT,Sumter,2,0,0,2
2020-03-19 16:53:00 EDT,Charlotte,1,0,0,1
2020-03-19 16:53:00 EDT,Escambia,1,0,0,1
2020-03-19 16:53:00 EDT,Gadsden,0,1,0,1
2020-03-19 16:53:00 EDT,Indian River,1,0,0,1
2020-03-19 16:53:00 EDT,Jackson,1,0,0,1
2020-03-19 16:53:00 EDT,Martin,1,0,0,1
2020-03-19 16:53:00 EDT,Nassau,1,0,0,1
2020-03-19 16:53:00 EDT,Walton,0,0,1,1
2020-03-20 09:55:00 EDT,Broward,116,0,8,124
2020-03-20 09:55:00 EDT,Dade,103,1,9,113
2020-03-20 09:55:00 EDT,Palm Beach,29,1,4,34
2020-03-20 09:55:00 EDT,Hillsborough,28,0,2,30
2020-03-20 09:55:00 EDT,Collier,22,0,2,24
2020-03-20 09:55:00 EDT,Orange,18,1,3,22
2020-03-20 09:55:00 EDT,Pinellas,21,0,0,21
2020-03-20 09:55:00 EDT,Alachua,12,0,3,15
2020-03-20 09:55:00 EDT,Duval,13,0,2,15
2020-03-20 09:55:00 EDT,Lee,10,0,3,13
2020-03-20 09:55:00 EDT,Osceola,11,0,2,13
2020-03-20 09:55:00 EDT,Manatee,9,0,0,9
2020-03-20 09:55:00 EDT,Volusia,9,0,0,9
2020-03-20 09:55:00 EDT,Sarasota,5,0,3,8
2020-03-20 09:55:00 EDT,Seminole,8,0,0,8
2020-03-20 09:55:00 EDT,Pasco,6,0,1,7
2020-03-20 09:55:00 EDT,Polk,7,0,0,7
2020-03-20 09:55:00 EDT,Okaloosa,5,1,0,6
2020-03-20 09:55:00 EDT,St. Johns,4,0,1,5
2020-03-20 09:55:00 EDT,Brevard,4,0,0,4
2020-03-20 09:55:00 EDT,Clay,4,0,0,4
2020-03-20 09:55:00 EDT,Hernando,4,0,0,4
2020-03-20 09:55:00 EDT,Leon,2,1,1,4
2020-03-20 09:55:00 EDT,Citrus,3,0,0,3
2020-03-20 09:55:00 EDT,Lake,3,0,0,3
2020-03-20 09:55:00 EDT,Charlotte,2,0,0,2
2020-03-20 09:55:00 EDT,Indian River,2,0,0,2
2020-03-20 09:55:00 EDT,Santa Rosa,2,0,0,2
2020-03-20 09:55:00 EDT,Sumter,2,0,0,2
2020-03-20 09:55:00 EDT,Escambia,1,0,0,1
2020-03-20 09:55:00 EDT,Gadsden,0,1,0,1
2020-03-20 09:55:00 EDT,Jackson,0,0,1,1
2020-03-20 09:55:00 EDT,Martin,1,0,0,1
2020-03-20 09:55:00 EDT,Monroe,1,0,0,1
2020-03-20 09:55:00 EDT,Nassau,1,0,0,1
2020-03-20 09:55:00 EDT,Walton,0,0,1,1
2020-03-20 17:40:00 EDT,Broward,118,0,10,128
2020-03-20 17:40:00 EDT,Dade,112,1,10,123
2020-03-20 17:40:00 EDT,Palm Beach,35,1,6,42
2020-03-20 17:40:00 EDT,Hillsborough,30,0,2,32
2020-03-20 17:40:00 EDT,Collier,22,0,3,25
2020-03-20 17:40:00 EDT,Orange,19,1,3,23
2020-03-20 17:40:00 EDT,Pinellas,21,0,1,22
2020-03-20 17:40:00 EDT,Duval,15,0,2,17
2020-03-20 17:40:00 EDT,Alachua,12,0,3,15
2020-03-20 17:40:00 EDT,Lee,11,0,3,14
2020-03-20 17:40:00 EDT,Osceola,11,0,2,13
2020-03-20 17:40:00 EDT,Manatee,10,0,0,10
2020-03-20 17:40:00 EDT,Seminole,10,0,0,10
2020-03-20 17:40:00 EDT,Volusia,10,0,0,10
2020-03-20 17:40:00 EDT,Polk,9,0,0,9
2020-03-20 17:40:00 EDT,Sarasota,5,0,3,8
2020-03-20 17:40:00 EDT,Okaloosa,6,1,0,7
2020-03-20 17:40:00 EDT,Pasco,6,0,1,7
2020-03-20 17:40:00 EDT,St. Johns,6,0,1,7
2020-03-20 17:40:00 EDT,Brevard,4,0,0,4
2020-03-20 17:40:00 EDT,Clay,4,0,0,4
2020-03-20 17:40:00 EDT,Hernando,4,0,0,4
2020-03-20 17:40:00 EDT,Leon,2,1,1,4
2020-03-20 17:40:00 EDT,Citrus,3,0,0,3
2020-03-20 17:40:00 EDT,Indian River,3,0,0,3
2020-03-20 17:40:00 EDT,Lake,3,0,0,3
2020-03-20 17:40:00 EDT,Santa Rosa,3,0,0,3
2020-03-20 17:40:00 EDT,Walton,2,0,1,3
2020-03-20 17:40:00 EDT,Charlotte,2,0,0,2
2020-03-20 17:40:00 EDT,Sumter,2,0,0,2
2020-03-20 17:40:00 EDT,Escambia,1,0,0,1
2020-03-20 17:40:00 EDT,Gadsden,0,1,0,1
2020-03-20 17:40:00 EDT,Jackson,0,0,1,1
2020-03-20 17:40:00 EDT,Martin,1,0,0,1
2020-03-20 17:40:00 EDT,Monroe,1,0,0,1
2020-03-20 17:40:00 EDT,Nassau,1,0,0,1
2020-03-21 10:08:00 EDT,Broward,142,0,9,151
2020-03-21 10:08:00 EDT,Dade,131,1,10,142
2020-03-21 10:08:00 EDT,Palm Beach,37,1,7,45
2020-03-21 10:08:00 EDT,Hillsborough,40,0,2,42
2020-03-21 10:08:00 EDT,Collier,24,0,3,27
2020-03-21 10:08:00 EDT,Pinellas,26,0,1,27
2020-03-21 10:08:00 EDT,Orange,20,1,2,23
2020-03-21 10:08:00 EDT,Alachua,18,0,3,21
2020-03-21 10:08:00 EDT,Duval,18,0,2,20
2020-03-21 10:08:00 EDT,Lee,11,0,3,14
2020-03-21 10:08:00 EDT,Osceola,11,0,3,14
2020-03-21 10:08:00 EDT,Manatee,11,0,0,11
2020-03-21 10:08:00 EDT,Seminole,11,0,0,11
2020-03-21 10:08:00 EDT,Polk,10,0,0,10
2020-03-21 10:08:00 EDT,Sarasota,7,0,3,10
2020-03-21 10:08:00 EDT,Volusia,10,0,0,10
2020-03-21 10:08:00 EDT,Okaloosa,8,1,0,9
2020-03-21 10:08:00 EDT,Pasco,7,0,1,8
2020-03-21 10:08:00 EDT,St. Johns,7,0,1,8
2020-03-21 10:08:00 EDT,Citrus,7,0,0,7
2020-03-21 10:08:00 EDT,Clay,5,0,0,5
2020-03-21 10:08:00 EDT,Hernando,5,0,0,5
2020-03-21 10:08:00 EDT,Leon,2,1,2,5
2020-03-21 10:08:00 EDT,Brevard,4,0,0,4
2020-03-21 10:08:00 EDT,Indian River,4,0,0,4
2020-03-21 10:08:00 EDT,Lake,4,0,0,4
2020-03-21 10:08:00 EDT,Santa Rosa,3,0,0,3
2020-03-21 10:08:00 EDT,Walton,2,0,1,3
2020-03-21 10:08:00 EDT,Charlotte,2,0,0,2
2020-03-21 10:08:00 EDT,Sumter,2,0,0,2
2020-03-21 10:08:00 EDT,Baker,1,0,0,1
2020-03-21 10:08:00 EDT,Bay,0,0,1,1
2020-03-21 10:08:00 EDT,Escambia,1,0,0,1
2020-03-21 10:08:00 EDT,Gadsden,0,1,0,1
2020-03-21 10:08:00 EDT,Highlands,1,0,0,1
2020-03-21 10:08:00 EDT,Jackson,0,0,1,1
2020-03-21 10:08:00 EDT,Martin,1,0,0,1
2020-03-21 10:08:00 EDT,Monroe,1,0,0,1
2020-03-21 10:08:00 EDT,Nassau,1,0,0,1
2020-03-21 10:08:00 EDT,Putnam,1,0,0,1
2020-03-21 17:31:00 EDT,Dade,158,1,10,169
2020-03-21 17:31:00 EDT,Broward,156,0,8,164
2020-03-21 17:31:00 EDT,Palm Beach,48,1,7,56
2020-03-21 17:31:00 EDT,Hillsborough,45,0,2,47
2020-03-21 17:31:00 EDT,Orange,24,1,4,29
2020-03-21 17:31:00 EDT,Pinellas,28,0,1,29
2020-03-21 17:31:00 EDT,Collier,25,0,3,28
2020-03-21 17:31:00 EDT,Alachua,22,0,3,25
2020-03-21 17:31:00 EDT,Duval,23,0,2,25
2020-03-21 17:31:00 EDT,Osceola,18,0,3,21
2020-03-21 17:31:00 EDT,Lee,14,0,3,17
2020-03-21 17:31:00 EDT,Sarasota,11,0,3,14
2020-03-21 17:31:00 EDT,Manatee,13,0,0,13
2020-03-21 17:31:00 EDT,Okaloosa,11,1,0,12
2020-03-21 17:31:00 EDT,Seminole,12,0,0,12
2020-03-21 17:31:00 EDT,Volusia,11,0,0,11
2020-03-21 17:31:00 EDT,Polk,10,0,0,10
2020-03-21 17:31:00 EDT,St. Johns,8,0,1,9
2020-03-21 17:31:00 EDT,Citrus,8,0,0,8
2020-03-21 17:31:00 EDT,Pasco,7,0,1,8
2020-03-21 17:31:00 EDT,Clay,6,0,0,6
2020-03-21 17:31:00 EDT,Hernando,6,0,0,6
2020-03-21 17:31:00 EDT,Brevard,5,0,0,5
2020-03-21 17:31:00 EDT,Indian River,5,0,0,5
2020-03-21 17:31:00 EDT,Lake,4,0,0,4
2020-03-21 17:31:00 EDT,Leon,2,1,1,4
2020-03-21 17:31:00 EDT,Sumter,4,0,0,4
2020-03-21 17:31:00 EDT,Walton,2,0,2,4
2020-03-21 17:31:00 EDT,Santa Rosa,3,0,0,3
2020-03-21 17:31:00 EDT,Charlotte,2,0,0,2
2020-03-21 17:31:00 EDT,Marion,2,0,0,2
2020-03-21 17:31:00 EDT,Baker,1,0,0,1
2020-03-21 17:31:00 EDT,Bay,0,0,1,1
2020-03-21 17:31:00 EDT,Escambia,1,0,0,1
2020-03-21 17:31:00 EDT,Gadsden,0,1,0,1
2020-03-21 17:31:00 EDT,Jackson,0,0,1,1
2020-03-21 17:31:00 EDT,Martin,1,0,0,1
2020-03-21 17:31:00 EDT,Monroe,1,0,0,1
2020-03-21 17:31:00 EDT,Nassau,1,0,0,1
2020-03-21 17:31:00 EDT,Putnam,1,0,0,1
2020-03-22 09:51:00 EDT,Broward,172,0,8,180
2020-03-22 09:51:00 EDT,Dade,166,1,10,177
2020-03-22 09:51:00 EDT,Palm Beach,51,1,7,59
2020-03-22 09:51:00 EDT,Hillsborough,46,0,4,50
2020-03-22 09:51:00 EDT,Duval,35,0,2,37
2020-03-22 09:51:00 EDT,Pinellas,29,0,1,30
2020-03-22 09:51:00 EDT,Alachua,26,0,3,29
2020-03-22 09:51:00 EDT,Orange,24,1,4,29
2020-03-22 09:51:00 EDT,Collier,25,0,3,28
2020-03-22 09:51:00 EDT,Osceola,19,0,3,22
2020-03-22 09:51:00 EDT,Lee,15,0,3,18
2020-03-22 09:51:00 EDT,Seminole,15,0,1,16
2020-03-22 09:51:00 EDT,Sarasota,10,0,5,15
2020-03-22 09:51:00 EDT,Manatee,13,0,0,13
2020-03-22 09:51:00 EDT,Okaloosa,11,1,0,12
2020-03-22 09:51:00 EDT,St. Johns,11,0,1,12
2020-03-22 09:51:00 EDT,Volusia,12,0,0,12
2020-03-22 09:51:00 EDT,Polk,11,0,0,11
2020-03-22 09:51:00 EDT,Citrus,8,0,0,8
2020-03-22 09:51:00 EDT,Indian River,8,0,0,8
2020-03-22 09:51:00 EDT,Pasco,7,0,1,8
2020-03-22 09:51:00 EDT,Clay,6,0,0,6
2020-03-22 09:51:00 EDT,Lake,6,0,0,6
2020-03-22 09:51:00 EDT,Brevard,5,0,0,5
2020-03-22 09:51:00 EDT,Hernando,5,0,0,5
2020-03-22 09:51:00 EDT,Leon,2,1,1,4
2020-03-22 09:51:00 EDT,Sumter,4,0,0,4
2020-03-22 09:51:00 EDT,Walton,2,0,2,4
2020-03-22 09:51:00 EDT,Marion,3,0,0,3
2020-03-22 09:51:00 EDT,Santa Rosa,3,0,0,3
2020-03-22 09:51:00 EDT,Charlotte,2,0,0,2
2020-03-22 09:51:00 EDT,St. Lucie,2,0,0,2
2020-03-22 09:51:00 EDT,Baker,1,0,0,1
2020-03-22 09:51:00 EDT,Bay,0,0,1,1
2020-03-22 09:51:00 EDT,Columbia,1,0,0,1
2020-03-22 09:51:00 EDT,Escambia,1,0,0,1
2020-03-22 09:51:00 EDT,Gadsden,0,1,0,1
2020-03-22 09:51:00 EDT,Highlands,1,0,0,1
2020-03-22 09:51:00 EDT,Jackson,0,0,1,1
2020-03-22 09:51:00 EDT,Martin,1,0,0,1
2020-03-22 09:51:00 EDT,Monroe,1,0,0,1
2020-03-22 09:51:00 EDT,Nassau,1,0,0,1
2020-03-22 09:51:00 EDT,Putnam,1,0,0,1
2020-03-22 09:51:00 EDT,Unknown,0,0,1,1
2020-03-22 18:28:00 EDT,Dade,216,1,11,228
2020-03-22 18:28:00 EDT,Broward,206,0,11,217
2020-03-22 18:28:00 EDT,Palm Beach,64,1,7,72
2020-03-22 18:28:00 EDT,Hillsborough,54,0,4,58
2020-03-22 18:28:00 EDT,Duval,37,0,2,39
2020-03-22 18:28:00 EDT,Pinellas,36,0,2,38
2020-03-22 18:28:00 EDT,Alachua,32,0,3,35
2020-03-22 18:28:00 EDT,Collier,29,0,4,33
2020-03-22 18:28:00 EDT,Orange,27,1,5,33
2020-03-22 18:28:00 EDT,Lee,23,0,3,26
2020-03-22 18:28:00 EDT,Osceola,21,0,3,24
2020-03-22 18:28:00 EDT,Seminole,18,0,1,19
2020-03-22 18:28:00 EDT,Sarasota,12,0,5,17
2020-03-22 18:28:00 EDT,St. Johns,15,0,1,16
2020-03-22 18:28:00 EDT,Okaloosa,13,1,0,14
2020-03-22 18:28:00 EDT,Volusia,14,0,0,14
2020-03-22 18:28:00 EDT,Manatee,13,0,0,13
2020-03-22 18:28:00 EDT,Pasco,10,0,1,11
2020-03-22 18:28:00 EDT,Polk,11,0,0,11
2020-03-22 18:28:00 EDT,Citrus,8,0,0,8
2020-03-22 18:28:00 EDT,Indian River,7,0,1,8
2020-03-22 18:28:00 EDT,Brevard,7,0,0,7
2020-03-22 18:28:00 EDT,Clay,7,0,0,7
2020-03-22 18:28:00 EDT,Lake,6,0,0,6
2020-03-22 18:28:00 EDT,Hernando,5,0,0,5
2020-03-22 18:28:00 EDT,Leon,3,1,1,5
2020-03-22 18:28:00 EDT,Sumter,5,0,0,5
2020-03-22 18:28:00 EDT,Escambia,4,0,0,4
2020-03-22 18:28:00 EDT,Santa Rosa,4,0,0,4
2020-03-22 18:28:00 EDT,Walton,2,0,2,4
2020-03-22 18:28:00 EDT,Marion,3,0,0,3
2020-03-22 18:28:00 EDT,St. Lucie,3,0,0,3
2020-03-22 18:28:00 EDT,Baker,2,0,0,2
2020-03-22 18:28:00 EDT,Charlotte,2,0,0,2
2020-03-22 18:28:00 EDT,Columbia,2,0,0,2
2020-03-22 18:28:00 EDT,Martin,2,0,0,2
2020-03-22 18:28:00 EDT,Putnam,2,0,0,2
2020-03-22 18:28:00 EDT,Bay,0,0,1,1
2020-03-22 18:28:00 EDT,Bradford,1,0,0,1
2020-03-22 18:28:00 EDT,Desoto,1,0,0,1
2020-03-22 18:28:00 EDT,Flagler,1,0,0,1
2020-03-22 18:28:00 EDT,Gadsden,0,1,0,1
2020-03-22 18:28:00 EDT,Highlands,1,0,0,1
2020-03-22 18:28:00 EDT,Jackson,0,0,1,1
2020-03-22 18:28:00 EDT,Monroe,1,0,0,1
2020-03-22 18:28:00 EDT,Nassau,1,0,0,1
2020-03-22 18:28:00 EDT,Unknown,0,0,1,1
2020-03-23 09:49:00 EDT,Dade,255,1,11,267
2020-03-23 09:49:00 EDT,Broward,247,0,11,258
2020-03-23 09:49:00 EDT,Palm Beach,81,1,7,89
2020-03-23 09:49:00 EDT,Hillsborough,68,0,5,73
2020-03-23 09:49:00 EDT,Duval,42,0,4,46
2020-03-23 09:49:00 EDT,Orange,39,1,5,45
2020-03-23 09:49:00 EDT,Pinellas,37,0,3,40
2020-03-23 09:49:00 EDT,Alachua,34,0,3,37
2020-03-23 09:49:00 EDT,Collier,30,0,4,34
2020-03-23 09:49:00 EDT,Lee,25,0,3,28
2020-03-23 09:49:00 EDT,Osceola,21,0,3,24
2020-03-23 09:49:00 EDT,Seminole,19,0,1,20
2020-03-23 09:49:00 EDT,Sarasota,14,0,5,19
2020-03-23 09:49:00 EDT,St. Johns,16,0,2,18
2020-03-23 09:49:00 EDT,Manatee,15,0,0,15
2020-03-23 09:49:00 EDT,Volusia,15,0,0,15
2020-03-23 09:49:00 EDT,Okaloosa,13,1,0,14
2020-03-23 09:49:00 EDT,Pasco,12,0,1,13
2020-03-23 09:49:00 EDT,Polk,13,0,0,13
2020-03-23 09:49:00 EDT,Citrus,9,0,0,9
2020-03-23 09:49:00 EDT,Clay,8,0,0,8
2020-03-23 09:49:00 EDT,Indian River,7,0,1,8
2020-03-23 09:49:00 EDT,Sumter,8,0,0,8
2020-03-23 09:49:00 EDT,Brevard,7,0,0,7
2020-03-23 09:49:00 EDT,Lake,7,0,0,7
2020-03-23 09:49:00 EDT,Escambia,5,0,0,5
2020-03-23 09:49:00 EDT,Hernando,5,0,0,5
2020-03-23 09:49:00 EDT,Leon,3,1,1,5
2020-03-23 09:49:00 EDT,Walton,3,0,2,5
2020-03-23 09:49:00 EDT,Marion,4,0,0,4
2020-03-23 09:49:00 EDT,Baker,3,0,0,3
2020-03-23 09:49:00 EDT,Charlotte,3,0,0,3
2020-03-23 09:49:00 EDT,Flagler,3,0,0,3
2020-03-23 09:49:00 EDT,Santa Rosa,3,0,0,3
2020-03-23 09:49:00 EDT,St. Lucie,3,0,0,3
2020-03-23 09:49:00 EDT,Columbia,2,0,0,2
2020-03-23 09:49:00 EDT,Highlands,2,0,0,2
2020-03-23 09:49:00 EDT,Martin,2,0,0,2
2020-03-23 09:49:00 EDT,Monroe,2,0,0,2
2020-03-23 09:49:00 EDT,Putnam,2,0,0,2
2020-03-23 09:49:00 EDT,Bay,0,0,1,1
2020-03-23 09:49:00 EDT,Bradford,1,0,0,1
2020-03-23 09:49:00 EDT,Desoto,1,0,0,1
2020-03-23 09:49:00 EDT,Gadsden,0,1,0,1
2020-03-23 09:49:00 EDT,Jackson,0,0,1,1
2020-03-23 09:49:00 EDT,Nassau,1,0,0,1
2020-03-23 09:49:00 EDT,Unknown,0,0,1,1
2020-03-23 17:09:00 EDT,Dade,265,1,12,278
2020-03-23 17:09:00 EDT,Broward,252,0,11,263
2020-03-23 17:09:00 EDT,Palm Beach,81,1,7,89
2020-03-23 17:09:00 EDT,Hillsborough,70,0,5,75
2020-03-23 17:09:00 EDT,Duval,46,0,4,50
2020-03-23 17:09:00 EDT,Orange,42,1,5,48
2020-03-23 17:09:00 EDT,Pinellas,37,0,4,41
2020-03-23 17:09:00 EDT,Collier,32,0,7,39
2020-03-23 17:09:00 EDT,Alachua,33,0,3,36
2020-03-23 17:09:00 EDT,Lee,28,0,2,30
2020-03-23 17:09:00 EDT,Osceola,22,0,3,25
2020-03-23 17:09:00 EDT,Seminole,21,0,1,22
2020-03-23 17:09:00 EDT,Sarasota,16,0,5,21
2020-03-23 17:09:00 EDT,St. Johns,16,0,2,18
2020-03-23 17:09:00 EDT,Volusia,16,0,0,16
2020-03-23 17:09:00 EDT,Manatee,15,0,0,15
2020-03-23 17:09:00 EDT,Okaloosa,13,1,0,14
2020-03-23 17:09:00 EDT,Pasco,13,0,1,14
2020-03-23 17:09:00 EDT,Polk,13,0,0,13
2020-03-23 17:09:00 EDT,Indian River,9,0,1,10
2020-03-23 17:09:00 EDT,Citrus,9,0,0,9
2020-03-23 17:09:00 EDT,Escambia,9,0,0,9
2020-03-23 17:09:00 EDT,Lake,9,0,0,9
2020-03-23 17:09:00 EDT,Walton,6,0,3,9
2020-03-23 17:09:00 EDT,Clay,8,0,0,8
2020-03-23 17:09:00 EDT,Sumter,8,0,0,8
2020-03-23 17:09:00 EDT,Brevard,7,0,0,7
2020-03-23 17:09:00 EDT,Leon,3,1,2,6
2020-03-23 17:09:00 EDT,Hernando,5,0,0,5
2020-03-23 17:09:00 EDT,St. Lucie,5,0,0,5
2020-03-23 17:09:00 EDT,Marion,4,0,0,4
2020-03-23 17:09:00 EDT,Martin,4,0,0,4
2020-03-23 17:09:00 EDT,Santa Rosa,4,0,0,4
2020-03-23 17:09:00 EDT,Baker,3,0,0,3
2020-03-23 17:09:00 EDT,Charlotte,3,0,0,3
2020-03-23 17:09:00 EDT,Flagler,3,0,0,3
2020-03-23 17:09:00 EDT,Columbia,2,0,0,2
2020-03-23 17:09:00 EDT,Highlands,2,0,0,2
2020-03-23 17:09:00 EDT,Monroe,2,0,0,2
2020-03-23 17:09:00 EDT,Putnam,2,0,0,2
2020-03-23 17:09:00 EDT,Bay,0,0,1,1
2020-03-23 17:09:00 EDT,Bradford,1,0,0,1
2020-03-23 17:09:00 EDT,Desoto,1,0,0,1
2020-03-23 17:09:00 EDT,Gadsden,0,1,0,1
2020-03-23 17:09:00 EDT,Jackson,0,0,1,1
2020-03-23 17:09:00 EDT,Nassau,1,0,0,1
2020-03-23 22:20:00 EDT,Dade,265,1,12,278
2020-03-23 22:20:00 EDT,Broward,252,0,11,263
2020-03-23 22:20:00 EDT,Palm Beach,81,1,7,89
2020-03-23 22:20:00 EDT,Hillsborough,70,0,5,75
2020-03-23 22:20:00 EDT,Duval,46,0,4,50
2020-03-23 22:20:00 EDT,Orange,42,1,5,48
2020-03-23 22:20:00 EDT,Pinellas,37,0,4,41
2020-03-23 22:20:00 EDT,Collier,32,0,7,39
2020-03-23 22:20:00 EDT,Alachua,33,0,3,36
2020-03-23 22:20:00 EDT,Lee,28,0,2,30
2020-03-23 22:20:00 EDT,Osceola,22,0,3,25
2020-03-23 22:20:00 EDT,Seminole,21,0,1,22
2020-03-23 22:20:00 EDT,Sarasota,16,0,5,21
2020-03-23 22:20:00 EDT,St. Johns,16,0,2,18
2020-03-23 22:20:00 EDT,Volusia,16,0,0,16
2020-03-23 22:20:00 EDT,Manatee,15,0,0,15
2020-03-23 22:20:00 EDT,Okaloosa,13,1,0,14
2020-03-23 22:20:00 EDT,Pasco,13,0,1,14
2020-03-23 22:20:00 EDT,Polk,13,0,0,13
2020-03-23 22:20:00 EDT,Indian River,9,0,1,10
2020-03-23 22:20:00 EDT,Citrus,9,0,0,9
2020-03-23 22:20:00 EDT,Escambia,9,0,0,9
2020-03-23 22:20:00 EDT,Lake,9,0,0,9
2020-03-23 22:20:00 EDT,Walton,6,0,3,9
2020-03-23 22:20:00 EDT,Clay,8,0,0,8
2020-03-23 22:20:00 EDT,Sumter,8,0,0,8
2020-03-23 22:20:00 EDT,Brevard,7,0,0,7
2020-03-23 22:20:00 EDT,Leon,3,1,2,6
2020-03-23 22:20:00 EDT,Hernando,5,0,0,5
2020-03-23 22:20:00 EDT,St. Lucie,5,0,0,5
2020-03-23 22:20:00 EDT,Marion,4,0,0,4
2020-03-23 22:20:00 EDT,Martin,4,0,0,4
2020-03-23 22:20:00 EDT,Santa Rosa,4,0,0,4
2020-03-23 22:20:00 EDT,Baker,3,0,0,3
2020-03-23 22:20:00 EDT,Charlotte,3,0,0,3
2020-03-23 22:20:00 EDT,Flagler,3,0,0,3
2020-03-23 22:20:00 EDT,Columbia,2,0,0,2
2020-03-23 22:20:00 EDT,Highlands,2,0,0,2
2020-03-23 22:20:00 EDT,Monroe,2,0,0,2
2020-03-23 22:20:00 EDT,Putnam,2,0,0,2
2020-03-23 22:20:00 EDT,Bay,0,0,1,1
2020-03-23 22:20:00 EDT,Bradford,1,0,0,1
2020-03-23 22:20:00 EDT,Desoto,1,0,0,1
2020-03-23 22:20:00 EDT,Gadsden,0,1,0,1
2020-03-23 22:20:00 EDT,Jackson,0,0,1,1
2020-03-23 22:20:00 EDT,Nassau,1,0,0,1
2020-03-24 10:12:00 EDT,Dade,325,1,12,338
2020-03-24 10:12:00 EDT,Broward,298,0,13,311
2020-03-24 10:12:00 EDT,Palm Beach,93,1,7,101
2020-03-24 10:12:00 EDT,Hillsborough,85,0,6,91
2020-03-24 10:12:00 EDT,Duval,46,0,4,50
2020-03-24 10:12:00 EDT,Orange,44,1,5,50
2020-03-24 10:12:00 EDT,Pinellas,41,0,4,45
2020-03-24 10:12:00 EDT,Collier,34,0,7,41
2020-03-24 10:12:00 EDT,Alachua,34,0,3,37
2020-03-24 10:12:00 EDT,Lee,31,0,1,32
2020-03-24 10:12:00 EDT,Osceola,23,0,3,26
2020-03-24 10:12:00 EDT,Sarasota,21,0,5,26
2020-03-24 10:12:00 EDT,Seminole,22,0,1,23
2020-03-24 10:12:00 EDT,St. Johns,20,0,2,22
2020-03-24 10:12:00 EDT,Volusia,18,0,0,18
2020-03-24 10:12:00 EDT,Manatee,16,0,0,16
2020-03-24 10:12:00 EDT,Pasco,14,0,1,15
2020-03-24 10:12:00 EDT,Lake,14,0,0,14
2020-03-24 10:12:00 EDT,Okaloosa,13,1,0,14
2020-03-24 10:12:00 EDT,Polk,13,0,0,13
2020-03-24 10:12:00 EDT,Indian River,10,0,1,11
2020-03-24 10:12:00 EDT,Clay,10,0,0,10
2020-03-24 10:12:00 EDT,Escambia,10,0,0,10
2020-03-24 10:12:00 EDT,Sumter,10,0,0,10
2020-03-24 10:12:00 EDT,Walton,7,0,3,10
2020-03-24 10:12:00 EDT,Brevard,9,0,0,9
2020-03-24 10:12:00 EDT,Citrus,9,0,0,9
2020-03-24 10:12:00 EDT,Leon,5,1,2,8
2020-03-24 10:12:00 EDT,St. Lucie,6,0,0,6
2020-03-24 10:12:00 EDT,Hernando,5,0,0,5
2020-03-24 10:12:00 EDT,Baker,4,0,0,4
2020-03-24 10:12:00 EDT,Flagler,4,0,0,4
2020-03-24 10:12:00 EDT,Highlands,4,0,0,4
2020-03-24 10:12:00 EDT,Marion,4,0,0,4
2020-03-24 10:12:00 EDT,Martin,4,0,0,4
2020-03-24 10:12:00 EDT,Santa Rosa,4,0,0,4
2020-03-24 10:12:00 EDT,Charlotte,3,0,0,3
2020-03-24 10:12:00 EDT,Columbia,3,0,0,3
2020-03-24 10:12:00 EDT,Monroe,3,0,0,3
2020-03-24 10:12:00 EDT,Putnam,2,0,0,2
2020-03-24 10:12:00 EDT,Bay,0,0,1,1
2020-03-24 10:12:00 EDT,Bradford,1,0,0,1
2020-03-24 10:12:00 EDT,Desoto,1,0,0,1
2020-03-24 10:12:00 EDT,Gadsden,0,1,0,1
2020-03-24 10:12:00 EDT,Jackson,0,0,1,1
2020-03-24 10:12:00 EDT,Nassau,1,0,0,1
2020-03-24 16:57:00 EDT,Dade,354,1,12,367
2020-03-24 16:57:00 EDT,Broward,298,0,14,312
2020-03-24 16:57:00 EDT,Palm Beach,96,1,7,104
2020-03-24 16:57:00 EDT,Hillsborough,89,0,6,95
2020-03-24 16:57:00 EDT,Orange,46,1,5,52
2020-03-24 16:57:00 EDT,Duval,46,0,4,50
2020-03-24 16:57:00 EDT,Pinellas,41,0,4,45
2020-03-24 16:57:00 EDT,Collier,34,0,7,41
2020-03-24 16:57:00 EDT,Alachua,34,0,3,37
2020-03-24 16:57:00 EDT,Lee,31,0,3,34
2020-03-24 16:57:00 EDT,Osceola,23,0,3,26
2020-03-24 16:57:00 EDT,Sarasota,21,0,5,26
2020-03-24 16:57:00 EDT,Seminole,24,0,1,25
2020-03-24 16:57:00 EDT,St. Johns,22,0,2,24
2020-03-24 16:57:00 EDT,Volusia,19,0,0,19
2020-03-24 16:57:00 EDT,Manatee,16,0,0,16
2020-03-24 16:57:00 EDT,Pasco,15,0,1,16
2020-03-24 16:57:00 EDT,Lake,14,0,0,14
2020-03-24 16:57:00 EDT,Okaloosa,13,1,0,14
2020-03-24 16:57:00 EDT,Escambia,13,0,0,13
2020-03-24 16:57:00 EDT,Polk,13,0,0,13
2020-03-24 16:57:00 EDT,Indian River,11,0,1,12
2020-03-24 16:57:00 EDT,Clay,10,0,0,10
2020-03-24 16:57:00 EDT,Sumter,10,0,0,10
2020-03-24 16:57:00 EDT,Walton,5,0,5,10
2020-03-24 16:57:00 EDT,Brevard,9,0,0,9
2020-03-24 16:57:00 EDT,Citrus,9,0,0,9
2020-03-24 16:57:00 EDT,Leon,5,1,2,8
2020-03-24 16:57:00 EDT,Hernando,7,0,0,7
2020-03-24 16:57:00 EDT,Santa Rosa,6,0,0,6
2020-03-24 16:57:00 EDT,St. Lucie,5,0,1,6
2020-03-24 16:57:00 EDT,Baker,4,0,0,4
2020-03-24 16:57:00 EDT,Flagler,4,0,0,4
2020-03-24 16:57:00 EDT,Highlands,4,0,0,4
2020-03-24 16:57:00 EDT,Marion,4,0,0,4
2020-03-24 16:57:00 EDT,Martin,4,0,0,4
2020-03-24 16:57:00 EDT,Charlotte,3,0,0,3
2020-03-24 16:57:00 EDT,Columbia,3,0,0,3
2020-03-24 16:57:00 EDT,Monroe,3,0,0,3
2020-03-24 16:57:00 EDT,Putnam,2,0,0,2
2020-03-24 16:57:00 EDT,Bay,0,0,1,1
2020-03-24 16:57:00 EDT,Bradford,1,0,0,1
2020-03-24 16:57:00 EDT,Desoto,1,0,0,1
2020-03-24 16:57:00 EDT,Gadsden,0,1,0,1
2020-03-24 16:57:00 EDT,Jackson,0,0,1,1
2020-03-24 16:57:00 EDT,Nassau,1,0,0,1
2020-03-25 10:07:00 EDT,Dade,384,1,15,400
2020-03-25 10:07:00 EDT,Broward,341,0,14,355
2020-03-25 10:07:00 EDT,Palm Beach,110,1,7,118
2020-03-25 10:07:00 EDT,Hillsborough,100,0,6,106
2020-03-25 10:07:00 EDT,Orange,69,1,7,77
2020-03-25 10:07:00 EDT,Duval,52,0,4,56
2020-03-25 10:07:00 EDT,Pinellas,46,0,4,50
2020-03-25 10:07:00 EDT,Collier,39,0,8,47
2020-03-25 10:07:00 EDT,Alachua,42,0,3,45
2020-03-25 10:07:00 EDT,Lee,37,0,5,42
2020-03-25 10:07:00 EDT,Osceola,32,0,3,35
2020-03-25 10:07:00 EDT,Seminole,28,0,1,29
2020-03-25 10:07:00 EDT,Sarasota,22,0,5,27
2020-03-25 10:07:00 EDT,St. Johns,24,0,2,26
2020-03-25 10:07:00 EDT,Manatee,22,0,0,22
2020-03-25 10:07:00 EDT,Volusia,20,0,0,20
2020-03-25 10:07:00 EDT,Lake,17,0,1,18
2020-03-25 10:07:00 EDT,Pasco,16,0,1,17
2020-03-25 10:07:00 EDT,Okaloosa,15,1,0,16
2020-03-25 10:07:00 EDT,Escambia,14,0,0,14
2020-03-25 10:07:00 EDT,Polk,14,0,0,14
2020-03-25 10:07:00 EDT,Clay,13,0,0,13
2020-03-25 10:07:00 EDT,Sumter,13,0,0,13
2020-03-25 10:07:00 EDT,Indian River,11,0,1,12
2020-03-25 10:07:00 EDT,Walton,6,0,6,12
2020-03-25 10:07:00 EDT,Brevard,11,0,0,11
2020-03-25 10:07:00 EDT,Citrus,9,0,0,9
2020-03-25 10:07:00 EDT,Hernando,8,0,0,8
2020-03-25 10:07:00 EDT,Leon,5,1,2,8
2020-03-25 10:07:00 EDT,Monroe,7,0,1,8
2020-03-25 10:07:00 EDT,St. Lucie,7,0,1,8
2020-03-25 10:07:00 EDT,Santa Rosa,7,0,0,7
2020-03-25 10:07:00 EDT,Baker,5,0,0,5
2020-03-25 10:07:00 EDT,Flagler,5,0,0,5
2020-03-25 10:07:00 EDT,Marion,5,0,0,5
2020-03-25 10:07:00 EDT,Highlands,4,0,0,4
2020-03-25 10:07:00 EDT,Martin,4,0,0,4
2020-03-25 10:07:00 EDT,Putnam,4,0,0,4
2020-03-25 10:07:00 EDT,Charlotte,3,0,0,3
2020-03-25 10:07:00 EDT,Columbia,3,0,0,3
2020-03-25 10:07:00 EDT,Bay,0,0,1,1
2020-03-25 10:07:00 EDT,Bradford,1,0,0,1
2020-03-25 10:07:00 EDT,Desoto,1,0,0,1
2020-03-25 10:07:00 EDT,Gadsden,0,1,0,1
2020-03-25 10:07:00 EDT,Jackson,0,0,1,1
2020-03-25 10:07:00 EDT,Nassau,1,0,0,1
2020-03-25 17:45:00 EDT,Dade,475,1,15,491
2020-03-25 17:45:00 EDT,Broward,397,0,15,412
2020-03-25 17:45:00 EDT,Palm Beach,133,1,7,141
2020-03-25 17:45:00 EDT,Hillsborough,117,0,6,123
2020-03-25 17:45:00 EDT,Orange,80,1,8,89
2020-03-25 17:45:00 EDT,Duval,55,0,5,60
2020-03-25 17:45:00 EDT,Collier,48,0,9,57
2020-03-25 17:45:00 EDT,Pinellas,50,0,4,54
2020-03-25 17:45:00 EDT,Lee,47,0,5,52
2020-03-25 17:45:00 EDT,Alachua,43,0,3,46
2020-03-25 17:45:00 EDT,Osceola,36,0,3,39
2020-03-25 17:45:00 EDT,Sarasota,26,0,6,32
2020-03-25 17:45:00 EDT,Seminole,31,0,1,32
2020-03-25 17:45:00 EDT,St. Johns,26,0,2,28
2020-03-25 17:45:00 EDT,Volusia,28,0,0,28
2020-03-25 17:45:00 EDT,Manatee,23,0,3,26
2020-03-25 17:45:00 EDT,Lake,21,0,1,22
2020-03-25 17:45:00 EDT,Okaloosa,17,1,0,18
2020-03-25 17:45:00 EDT,Pasco,17,0,1,18
2020-03-25 17:45:00 EDT,Sumter,18,0,0,18
2020-03-25 17:45:00 EDT,Escambia,17,0,0,17
2020-03-25 17:45:00 EDT,Clay,16,0,0,16
2020-03-25 17:45:00 EDT,Polk,15,0,0,15
2020-03-25 17:45:00 EDT,Walton,7,0,6,13
2020-03-25 17:45:00 EDT,Brevard,11,0,1,12
2020-03-25 17:45:00 EDT,Indian River,11,0,1,12
2020-03-25 17:45:00 EDT,Monroe,9,0,2,11
2020-03-25 17:45:00 EDT,Citrus,9,0,0,9
2020-03-25 17:45:00 EDT,St. Lucie,8,0,1,9
2020-03-25 17:45:00 EDT,Hernando,8,0,0,8
2020-03-25 17:45:00 EDT,Leon,5,1,2,8
2020-03-25 17:45:00 EDT,Santa Rosa,8,0,0,8
2020-03-25 17:45:00 EDT,Martin,6,0,1,7
2020-03-25 17:45:00 EDT,Flagler,6,0,0,6
2020-03-25 17:45:00 EDT,Baker,5,0,0,5
2020-03-25 17:45:00 EDT,Highlands,5,0,0,5
2020-03-25 17:45:00 EDT,Marion,5,0,0,5
2020-03-25 17:45:00 EDT,Putnam,5,0,0,5
2020-03-25 17:45:00 EDT,Desoto,4,0,0,4
2020-03-25 17:45:00 EDT,Nassau,4,0,0,4
2020-03-25 17:45:00 EDT,Bay,2,0,1,3
2020-03-25 17:45:00 EDT,Charlotte,3,0,0,3
2020-03-25 17:45:00 EDT,Columbia,3,0,0,3
2020-03-25 17:45:00 EDT,Bradford,1,0,0,1
2020-03-25 17:45:00 EDT,Gadsden,0,1,0,1
2020-03-25 17:45:00 EDT,Jackson,0,0,1,1
2020-03-26 11:07:00 EDT,Dade,600,1,15,616
2020-03-26 11:07:00 EDT,Broward,485,0,19,504
2020-03-26 11:07:00 EDT,Palm Beach,160,1,8,169
2020-03-26 11:07:00 EDT,Hillsborough,136,0,6,142
2020-03-26 11:07:00 EDT,Orange,97,1,12,110
2020-03-26 11:07:00 EDT,Duval,70,0,4,74
2020-03-26 11:07:00 EDT,Collier,55,0,10,65
2020-03-26 11:07:00 EDT,Pinellas,58,0,6,64
2020-03-26 11:07:00 EDT,Lee,51,0,5,56
2020-03-26 11:07:00 EDT,Alachua,46,0,3,49
2020-03-26 11:07:00 EDT,Osceola,39,0,3,42
2020-03-26 11:07:00 EDT,Seminole,36,0,1,37
2020-03-26 11:07:00 EDT,Sarasota,28,0,6,34
2020-03-26 11:07:00 EDT,St. Johns,31,0,2,33
2020-03-26 11:07:00 EDT,Volusia,29,0,0,29
2020-03-26 11:07:00 EDT,Lake,23,0,2,25
2020-03-26 11:07:00 EDT,Manatee,24,0,0,24
2020-03-26 11:07:00 EDT,Sumter,24,0,0,24
2020-03-26 11:07:00 EDT,Okaloosa,18,1,2,21
2020-03-26 11:07:00 EDT,Clay,19,0,0,19
2020-03-26 11:07:00 EDT,Escambia,19,0,0,19
2020-03-26 11:07:00 EDT,Pasco,18,0,1,19
2020-03-26 11:07:00 EDT,Polk,17,0,0,17
2020-03-26 11:07:00 EDT,Brevard,12,0,1,13
2020-03-26 11:07:00 EDT,Indian River,12,0,1,13
2020-03-26 11:07:00 EDT,Walton,7,0,6,13
2020-03-26 11:07:00 EDT,Monroe,10,0,2,12
2020-03-26 11:07:00 EDT,Putnam,12,0,0,12
2020-03-26 11:07:00 EDT,Citrus,11,0,0,11
2020-03-26 11:07:00 EDT,St. Lucie,9,0,1,10
2020-03-26 11:07:00 EDT,Hernando,9,0,0,9
2020-03-26 11:07:00 EDT,Leon,6,1,2,9
2020-03-26 11:07:00 EDT,Santa Rosa,9,0,0,9
2020-03-26 11:07:00 EDT,Martin,8,0,0,8
2020-03-26 11:07:00 EDT,Flagler,7,0,0,7
2020-03-26 11:07:00 EDT,Baker,5,0,0,5
2020-03-26 11:07:00 EDT,Desoto,5,0,0,5
2020-03-26 11:07:00 EDT,Highlands,5,0,0,5
2020-03-26 11:07:00 EDT,Marion,5,0,0,5
2020-03-26 11:07:00 EDT,Nassau,5,0,0,5
2020-03-26 11:07:00 EDT,Bay,2,0,1,3
2020-03-26 11:07:00 EDT,Charlotte,3,0,0,3
2020-03-26 11:07:00 EDT,Columbia,3,0,0,3
2020-03-26 11:07:00 EDT,Bradford,1,0,0,1
2020-03-26 11:07:00 EDT,Gadsden,0,1,0,1
2020-03-26 11:07:00 EDT,Jackson,0,0,1,1
2020-03-26 16:59:00 EDT,Dade,638,1,15,654
2020-03-26 16:59:00 EDT,Broward,487,0,18,505
2020-03-26 16:59:00 EDT,Palm Beach,163,2,9,174
2020-03-26 16:59:00 EDT,Hillsborough,145,0,6,151
2020-03-26 16:59:00 EDT,Orange,106,1,12,119
2020-03-26 16:59:00 EDT,Duval,77,0,5,82
2020-03-26 16:59:00 EDT,Lee,61,0,5,66
2020-03-26 16:59:00 EDT,Pinellas,58,0,7,65
2020-03-26 16:59:00 EDT,Collier,57,0,10,67
2020-03-26 16:59:00 EDT,Alachua,50,0,3,53
2020-03-26 16:59:00 EDT,Osceola,42,0,3,45
2020-03-26 16:59:00 EDT,Seminole,39,0,1,40
2020-03-26 16:59:00 EDT,St. Johns,34,0,2,36
2020-03-26 16:59:00 EDT,Volusia,34,0,0,34
2020-03-26 16:59:00 EDT,Sarasota,28,0,6,34
2020-03-26 16:59:00 EDT,Manatee,25,0,0,25
2020-03-26 16:59:00 EDT,Sumter,24,0,0,24
2020-03-26 16:59:00 EDT,Lake,23,0,3,26
2020-03-26 16:59:00 EDT,Clay,20,0,0,20
2020-03-26 16:59:00 EDT,Escambia,20,0,0,20
2020-03-26 16:59:00 EDT,Pasco,20,0,1,21
2020-03-26 16:59:00 EDT,Polk,20,0,0,20
2020-03-26 16:59:00 EDT,Okaloosa,19,1,2,22
2020-03-26 16:59:00 EDT,Brevard,13,0,1,14
2020-03-26 16:59:00 EDT,Indian River,13,0,1,14
2020-03-26 16:59:00 EDT,Monroe,12,0,2,14
2020-03-26 16:59:00 EDT,Putnam,12,0,0,12
2020-03-26 16:59:00 EDT,Santa Rosa,12,0,0,12
2020-03-26 16:59:00 EDT,Citrus,11,0,0,11
2020-03-26 16:59:00 EDT,Martin,11,0,0,11
2020-03-26 16:59:00 EDT,Leon,10,1,2,13
2020-03-26 16:59:00 EDT,St. Lucie,10,0,1,11
2020-03-26 16:59:00 EDT,Hernando,9,0,0,9
2020-03-26 16:59:00 EDT,Flagler,7,0,1,8
2020-03-26 16:59:00 EDT,Walton,6,0,7,13
2020-03-26 16:59:00 EDT,Baker,5,0,0,5
2020-03-26 16:59:00 EDT,Desoto,5,0,0,5
2020-03-26 16:59:00 EDT,Highlands,5,0,0,5
2020-03-26 16:59:00 EDT,Marion,5,0,0,5
2020-03-26 16:59:00 EDT,Nassau,5,0,0,5
2020-03-26 16:59:00 EDT,Charlotte,4,0,0,4
2020-03-26 16:59:00 EDT,Columbia,3,0,0,3
2020-03-26 16:59:00 EDT,Bay,2,0,1,3
2020-03-26 16:59:00 EDT,Bradford,1,0,0,1
2020-03-26 16:59:00 EDT,Washington,1,0,0,1
2020-03-26 16:59:00 EDT,Gadsden,0,1,0,1
2020-03-26 16:59:00 EDT,Jackson,0,0,1,1
2020-03-26 18:23:00 EDT,Dade,638,1,15,654
2020-03-26 18:23:00 EDT,Broward,487,0,18,505
2020-03-26 18:23:00 EDT,Palm Beach,163,2,9,174
2020-03-26 18:23:00 EDT,Hillsborough,145,0,6,151
2020-03-26 18:23:00 EDT,Orange,106,1,12,119
2020-03-26 18:23:00 EDT,Duval,77,0,5,82
2020-03-26 18:23:00 EDT,Lee,61,0,5,66
2020-03-26 18:23:00 EDT,Pinellas,58,0,7,65
2020-03-26 18:23:00 EDT,Collier,57,0,10,67
2020-03-26 18:23:00 EDT,Alachua,50,0,3,53
2020-03-26 18:23:00 EDT,Osceola,42,0,3,45
2020-03-26 18:23:00 EDT,Seminole,39,0,1,40
2020-03-26 18:23:00 EDT,St. Johns,34,0,2,36
2020-03-26 18:23:00 EDT,Volusia,34,0,0,34
2020-03-26 18:23:00 EDT,Sarasota,28,0,6,34
2020-03-26 18:23:00 EDT,Manatee,25,0,0,25
2020-03-26 18:23:00 EDT,Sumter,24,0,0,24
2020-03-26 18:23:00 EDT,Lake,23,0,3,26
2020-03-26 18:23:00 EDT,Clay,20,0,0,20
2020-03-26 18:23:00 EDT,Escambia,20,0,0,20
2020-03-26 18:23:00 EDT,Pasco,20,0,1,21
2020-03-26 18:23:00 EDT,Polk,20,0,0,20
2020-03-26 18:23:00 EDT,Okaloosa,19,1,2,22
2020-03-26 18:23:00 EDT,Brevard,13,0,1,14
2020-03-26 18:23:00 EDT,Indian River,13,0,1,14
2020-03-26 18:23:00 EDT,Monroe,12,0,2,14
2020-03-26 18:23:00 EDT,Putnam,12,0,0,12
2020-03-26 18:23:00 EDT,Santa Rosa,12,0,0,12
2020-03-26 18:23:00 EDT,Citrus,11,0,0,11
2020-03-26 18:23:00 EDT,Martin,11,0,0,11
2020-03-26 18:23:00 EDT,Leon,10,1,2,13
2020-03-26 18:23:00 EDT,St. Lucie,10,0,1,11
2020-03-26 18:23:00 EDT,Hernando,9,0,0,9
2020-03-26 18:23:00 EDT,Flagler,7,0,1,8
2020-03-26 18:23:00 EDT,Walton,6,0,7,13
2020-03-26 18:23:00 EDT,Baker,5,0,0,5
2020-03-26 18:23:00 EDT,Desoto,5,0,0,5
2020-03-26 18:23:00 EDT,Highlands,5,0,0,5
2020-03-26 18:23:00 EDT,Marion,5,0,0,5
2020-03-26 18:23:00 EDT,Nassau,5,0,0,5
2020-03-26 18:23:00 EDT,Charlotte,4,0,0,4
2020-03-26 18:23:00 EDT,Columbia,3,0,0,3
2020-03-26 18:23:00 EDT,Bay,2,0,1,3
2020-03-26 18:23:00 EDT,Bradford,1,0,0,1
2020-03-26 18:23:00 EDT,Washington,1,0,0,1
2020-03-26 18:23:00 EDT,Gadsden,0,1,0,1
2020-03-26 18:23:00 EDT,Jackson,0,0,1,1
