timestamp,county,florida_resident,florida_resident_outside,non_florida_resident,total
2020-03-18 17:08:00 EDT,Broward,73,0,7,80
2020-03-18 17:08:00 EDT,Dade,72,1,4,77
2020-03-18 17:08:00 EDT,Palm Beach,19,1,1,21
2020-03-18 17:08:00 EDT,Duval,13,0,1,14
2020-03-18 17:08:00 EDT,Hillsborough,12,0,2,14
2020-03-18 17:08:00 EDT,Collier,11,0,2,13
2020-03-18 17:08:00 EDT,Pinellas,12,0,0,12
2020-03-18 17:08:00 EDT,Lee,9,0,2,11
2020-03-18 17:08:00 EDT,Orange,9,1,1,11
2020-03-18 17:08:00 EDT,Volusia,9,0,0,9
2020-03-18 17:08:00 EDT,Manatee,8,0,0,8
2020-03-18 17:08:00 EDT,Osceola,6,0,2,8
2020-03-18 17:08:00 EDT,Alachua,4,0,3,7
2020-03-18 17:08:00 EDT,Seminole,7,0,0,7
2020-03-18 17:08:00 EDT,Clay,4,0,0,4
2020-03-18 17:08:00 EDT,Okaloosa,3,1,0,4
2020-03-18 17:08:00 EDT,Sarasota,2,0,2,4
2020-03-18 17:08:00 EDT,St. Johns,3,0,1,4
2020-03-18 17:08:00 EDT,Citrus,3,0,0,3
2020-03-18 17:08:00 EDT,Pasco,3,0,0,3
2020-03-18 17:08:00 EDT,Brevard,2,0,0,2
2020-03-18 17:08:00 EDT,Lake,2,0,0,2
2020-03-18 17:08:00 EDT,Polk,2,0,0,2
2020-03-18 17:08:00 EDT,Charlotte,1,0,0,1
2020-03-18 17:08:00 EDT,Escambia,1,0,0,1
2020-03-18 17:08:00 EDT,Gadsden,0,1,0,1
2020-03-18 17:08:00 EDT,Leon,0,1,0,1
2020-03-18 17:08:00 EDT,Nassau,1,0,0,1
2020-03-18 17:08:00 EDT,Santa Rosa,1,0,0,1
2020-03-18 17:08:00 EDT,Sumter,1,0,0,1
2020-03-18 17:08:00 EDT,Walton,0,0,1,1
2020-03-19 09:54:00 EDT,Broward,89,0,7,96
2020-03-19 09:54:00 EDT,Dade,81,1,4,86
2020-03-19 09:54:00 EDT,Palm Beach,27,1,1,29
2020-03-19 09:54:00 EDT,Hillsborough,17,0,2,19
2020-03-19 09:54:00 EDT,Collier,16,0,2,18
2020-03-19 09:54:00 EDT,Duval,14,0,1,15
2020-03-19 09:54:00 EDT,Orange,13,1,1,15
2020-03-19 09:54:00 EDT,Pinellas,14,0,0,14
2020-03-19 09:54:00 EDT,Lee,9,0,2,11
2020-03-19 09:54:00 EDT,Alachua,7,0,3,10
2020-03-19 09:54:00 EDT,Manatee,9,0,0,9
2020-03-19 09:54:00 EDT,Osceola,7,0,2,9
2020-03-19 09:54:00 EDT,Volusia,9,0,0,9
2020-03-19 09:54:00 EDT,Seminole,8,0,0,8
2020-03-19 09:54:00 EDT,Sarasota,3,0,2,5
2020-03-19 09:54:00 EDT,Clay,4,0,0,4
2020-03-19 09:54:00 EDT,Leon,2,1,1,4
2020-03-19 09:54:00 EDT,Okaloosa,3,1,0,4
2020-03-19 09:54:00 EDT,Pasco,4,0,0,4
2020-03-19 09:54:00 EDT,St. Johns,3,0,1,4
2020-03-19 09:54:00 EDT,Citrus,3,0,0,3
2020-03-19 09:54:00 EDT,Brevard,2,0,0,2
2020-03-19 09:54:00 EDT,Lake,2,0,0,2
2020-03-19 09:54:00 EDT,Polk,2,0,0,2
2020-03-19 09:54:00 EDT,Santa Rosa,2,0,0,2
2020-03-19 09:54:00 EDT,Charlotte,1,0,0,1
2020-03-19 09:54:00 EDT,Escambia,1,0,0,1
2020-03-19 09:54:00 EDT,Gadsden,0,1,0,1
2020-03-19 09:54:00 EDT,Nassau,1,0,0,1
2020-03-19 09:54:00 EDT,Sumter,1,0,0,1
2020-03-19 09:54:00 EDT,Walton,0,0,1,1
2020-03-19 16:53:00 EDT,Dade,92,1,8,101
2020-03-19 16:53:00 EDT,Broward,89,0,7,96
2020-03-19 16:53:00 EDT,Palm Beach,25,1,3,29
2020-03-19 16:53:00 EDT,Hillsborough,18,0,2,20
2020-03-19 16:53:00 EDT,Orange,15,1,3,19
2020-03-19 16:53:00 EDT,Collier,16,0,2,18
2020-03-19 16:53:00 EDT,Pinellas,16,0,0,16
2020-03-19 16:53:00 EDT,Duval,14,0,1,15
2020-03-19 16:53:00 EDT,Osceola,11,0,2,13
2020-03-19 16:53:00 EDT,Alachua,8,0,3,11
2020-03-19 16:53:00 EDT,Lee,9,0,2,11
2020-03-19 16:53:00 EDT,Manatee,9,0,0,9
2020-03-19 16:53:00 EDT,Volusia,9,0,0,9
2020-03-19 16:53:00 EDT,Seminole,8,0,0,8
2020-03-19 16:53:00 EDT,Sarasota,3,0,3,6
2020-03-19 16:53:00 EDT,Okaloosa,4,1,0,5
2020-03-19 16:53:00 EDT,Pasco,5,0,0,5
2020-03-19 16:53:00 EDT,Clay,4,0,0,4
2020-03-19 16:53:00 EDT,Hernando,4,0,0,4
2020-03-19 16:53:00 EDT,Leon,2,1,1,4
2020-03-19 16:53:00 EDT,Polk,4,0,0,4
2020-03-19 16:53:00 EDT,St. Johns,3,0,1,4
2020-03-19 16:53:00 EDT,Brevard,3,0,0,3
2020-03-19 16:53:00 EDT,Citrus,3,0,0,3
2020-03-19 16:53:00 EDT,Lake,3,0,0,3
2020-03-19 16:53:00 EDT,Santa Rosa,2,0,0,2
2020-03-19 16:53:00 EDT,Sumter,2,0,0,2
2020-03-19 16:53:00 EDT,Charlotte,1,0,0,1
2020-03-19 16:53:00 EDT,Escambia,1,0,0,1
2020-03-19 16:53:00 EDT,Gadsden,0,1,0,1
2020-03-19 16:53:00 EDT,Indian River,1,0,0,1
2020-03-19 16:53:00 EDT,Jackson,1,0,0,1
2020-03-19 16:53:00 EDT,Martin,1,0,0,1
2020-03-19 16:53:00 EDT,Nassau,1,0,0,1
2020-03-19 16:53:00 EDT,Walton,0,0,1,1
2020-03-20 09:55:00 EDT,Broward,116,0,8,124
2020-03-20 09:55:00 EDT,Dade,103,1,9,113
2020-03-20 09:55:00 EDT,Palm Beach,29,1,4,34
2020-03-20 09:55:00 EDT,Hillsborough,28,0,2,30
2020-03-20 09:55:00 EDT,Collier,22,0,2,24
2020-03-20 09:55:00 EDT,Orange,18,1,3,22
2020-03-20 09:55:00 EDT,Pinellas,21,0,0,21
2020-03-20 09:55:00 EDT,Alachua,12,0,3,15
2020-03-20 09:55:00 EDT,Duval,13,0,2,15
2020-03-20 09:55:00 EDT,Lee,10,0,3,13
2020-03-20 09:55:00 EDT,Osceola,11,0,2,13
2020-03-20 09:55:00 EDT,Manatee,9,0,0,9
2020-03-20 09:55:00 EDT,Volusia,9,0,0,9
2020-03-20 09:55:00 EDT,Sarasota,5,0,3,8
2020-03-20 09:55:00 EDT,Seminole,8,0,0,8
2020-03-20 09:55:00 EDT,Pasco,6,0,1,7
2020-03-20 09:55:00 EDT,Polk,7,0,0,7
2020-03-20 09:55:00 EDT,Okaloosa,5,1,0,6
2020-03-20 09:55:00 EDT,St. Johns,4,0,1,5
2020-03-20 09:55:00 EDT,Brevard,4,0,0,4
2020-03-20 09:55:00 EDT,Clay,4,0,0,4
2020-03-20 09:55:00 EDT,Hernando,4,0,0,4
2020-03-20 09:55:00 EDT,Leon,2,1,1,4
2020-03-20 09:55:00 EDT,Citrus,3,0,0,3
2020-03-20 09:55:00 EDT,Lake,3,0,0,3
2020-03-20 09:55:00 EDT,Charlotte,2,0,0,2
2020-03-20 09:55:00 EDT,Indian River,2,0,0,2
2020-03-20 09:55:00 EDT,Santa Rosa,2,0,0,2
2020-03-20 09:55:00 EDT,Sumter,2,0,0,2
2020-03-20 09:55:00 EDT,Escambia,1,0,0,1
2020-03-20 09:55:00 EDT,Gadsden,0,1,0,1
2020-03-20 09:55:00 EDT,Jackson,0,0,1,1
2020-03-20 09:55:00 EDT,Martin,1,0,0,1
2020-03-20 09:55:00 EDT,Monroe,1,0,0,1
2020-03-20 09:55:00 EDT,Nassau,1,0,0,1
2020-03-20 09:55:00 EDT,Walton,0,0,1,1
2020-03-20 17:40:00 EDT,Broward,118,0,10,128
2020-03-20 17:40:00 EDT,Dade,112,1,10,123
2020-03-20 17:40:00 EDT,Palm Beach,35,1,6,42
2020-03-20 17:40:00 EDT,Hillsborough,30,0,2,32
2020-03-20 17:40:00 EDT,Collier,22,0,3,25
2020-03-20 17:40:00 EDT,Orange,19,1,3,23
2020-03-20 17:40:00 EDT,Pinellas,21,0,1,22
2020-03-20 17:40:00 EDT,Duval,15,0,2,17
2020-03-20 17:40:00 EDT,Alachua,12,0,3,15
2020-03-20 17:40:00 EDT,Lee,11,0,3,14
2020-03-20 17:40:00 EDT,Osceola,11,0,2,13
2020-03-20 17:40:00 EDT,Manatee,10,0,0,10
2020-03-20 17:40:00 EDT,Seminole,10,0,0,10
2020-03-20 17:40:00 EDT,Volusia,10,0,0,10
2020-03-20 17:40:00 EDT,Polk,9,0,0,9
2020-03-20 17:40:00 EDT,Sarasota,5,0,3,8
2020-03-20 17:40:00 EDT,Okaloosa,6,1,0,7
2020-03-20 17:40:00 EDT,Pasco,6,0,1,7
2020-03-20 17:40:00 EDT,St. Johns,6,0,1,7
2020-03-20 17:40:00 EDT,Brevard,4,0,0,4
2020-03-20 17:40:00 EDT,Clay,4,0,0,4
2020-03-20 17:40:00 EDT,Hernando,4,0,0,4
2020-03-20 17:40:00 EDT,Leon,2,1,1,4
2020-03-20 17:40:00 EDT,Citrus,3,0,0,3
2020-03-20 17:40:00 EDT,Indian River,3,0,0,3
2020-03-20 17:40:00 EDT,Lake,3,0,0,3
2020-03-20 17:40:00 EDT,Santa Rosa,3,0,0,3
2020-03-20 17:40:00 EDT,Walton,2,0,1,3
2020-03-20 17:40:00 EDT,Charlotte,2,0,0,2
2020-03-20 17:40:00 EDT,Sumter,2,0,0,2
2020-03-20 17:40:00 EDT,Escambia,1,0,0,1
2020-03-20 17:40:00 EDT,Gadsden,0,1,0,1
2020-03-20 17:40:00 EDT,Jackson,0,0,1,1
2020-03-20 17:40:00 EDT,Martin,1,0,0,1
2020-03-20 17:40:00 EDT,Monroe,1,0,0,1
2020-03-20 17:40:00 EDT,Nassau,1,0,0,1
